[gd_scene load_steps=5 format=3 uid="uid://dn2j8pedk5lp0"]

[ext_resource type="Script" uid="uid://bd7nla8giajuw" path="res://game.gd" id="1_80nbo"]
[ext_resource type="PackedScene" uid="uid://d3pyptuuy3bhj" path="res://VehicleBody3D.tscn" id="2_e2o6t"]
[ext_resource type="Script" uid="uid://b1bqilo1ikbrg" path="res://road_container.gd" id="2_feb5d"]
[ext_resource type="PackedScene" uid="uid://rutn4b61ln5k" path="res://RoadSegment.tscn" id="3_fc0e3"]

[node name="Game" type="Node3D"]
script = ExtResource("1_80nbo")

[node name="DirectionalLight3D" type="DirectionalLight3D" parent="."]
transform = Transform3D(0.70710677, -0.49999997, 0.49999997, 0, 0.70710677, 0.70710677, -0.70710677, -0.49999997, 0.49999997, 0, 0, 0)
shadow_enabled = true

[node name="WorldEnvironment" type="WorldEnvironment" parent="."]

[node name="RoadContainer" type="StaticBody3D" parent="."]
script = ExtResource("2_feb5d")
segment_scene = ExtResource("3_fc0e3")

[node name="Vehicle" parent="." instance=ExtResource("2_e2o6t")]
transform = Transform3D(1, 0, 0, 0, 1, 0, 0, 0, 1, 0, 0.5, 0)

[node name="SpringArm3D" type="SpringArm3D" parent="Vehicle"]
transform = Transform3D(1, 0, 0, 0, 0.96592575, 0.258819, 0, -0.258819, 0.96592575, 0, 0, 0)

[node name="Camera3D" type="Camera3D" parent="Vehicle/SpringArm3D"]
transform = Transform3D(1, 0, 0, 0, 0.9396927, 0.34202018, 0, -0.34202018, 0.9396927, 0, 9.500001, 20)
